$ 1 0.000005 10.20027730826997 50 5 50 5e-11
t 688 224 736 224 0 1 -0.16597779020429348 0.6012321392510135 100 default
w 736 240 736 368 0
r 688 224 608 224 0 12650
r 736 112 736 176 0 772.5
162 560 80 608 80 2 default-led 1 0 0 0.01
w 512 368 512 352 0
w 512 368 736 368 0
w 512 80 400 80 0
w 512 368 400 368 0
w 400 368 400 272 0
w 400 80 400 224 0
v 400 272 400 224 0 0 40 3.3120000000000003 0 0 0.5
174 512 176 560 272 1 25000 0.48020000000000007 Bias Potentiometer
r 512 272 512 352 0 2740
r 512 80 512 176 0 30080
w 560 224 608 224 0
p 768 208 768 240 1 0 0
w 768 208 736 208 0
w 768 240 736 240 0
p 336 224 336 272 1 0 0
w 336 224 400 224 0
w 336 272 400 272 0
p 816 112 816 176 1 0 0
w 736 112 816 112 0
w 736 176 816 176 0
w 736 112 736 80 0
w 736 176 736 208 0
370 640 80 688 80 1 0 0
w 560 80 512 80 0
w 608 80 640 80 0
w 688 80 736 80 0
x 857 88 1042 91 4 24 Red\sScope\sTrace
423 937 103 877 127 0
423 867 129 882 116 0
423 867 130 893 131 0
o 1 64 0 4099 2.5 0.003125 0 4 1 3 3 0 3 3
38 2 0 1200 47000 Bias
38 11 0 1.8 6 Voltage
38 3 0 90 1000 Current-Limiting
38 13 0 1700 3700 Plug\sResistor
38 14 0 26000 38000 VDivAA
