$ 1 0.000005 10.20027730826997 50 5 50 5e-11
t 864 288 1040 288 0 1 0.6739359520345166 0.721282442272324 100 default
w 1040 304 1040 496 0
r 864 288 704 288 0 120
r 1040 176 1040 272 0 15
162 1040 112 1040 176 2 default-led 1 0 0 0.01
S 704 288 608 288 0 1 false 0 2
w 608 304 608 496 0
w 608 272 608 112 0
w 608 112 1040 112 0
w 608 496 1040 496 0
w 608 112 400 112 0
w 608 496 400 496 0
w 400 496 400 416 0
w 400 112 400 272 0
v 400 416 400 272 0 0 40 3.3600000000000003 0 0 0.5
o 1 64 0 4099 5 0.2 0 4 1 3 3 0 3 3
38 2 0 120 5000 Bias
38 14 0 1.8 13.8 Voltage
38 3 0 15 4700 Current-Limiting
