$ 1 0.000005 10.20027730826997 50 5 50 5e-11
t 688 272 736 272 0 1 0.5827711058560299 0.6697722121325691 100 default
w 736 288 736 336 0
r 688 272 608 272 0 14109.19
r 736 192 736 256 0 600
162 512 192 736 192 2 default-led 1 0 0 0.01
S 608 272 512 272 0 1 false 0 2
w 512 288 512 336 0
w 512 256 512 224 0
w 512 224 512 192 0
w 512 336 736 336 0
w 512 192 400 192 0
w 512 336 400 336 0
w 400 336 400 288 0
w 400 192 400 240 0
v 400 288 400 240 0 0 40 11.760000000000002 0 0 0.5
o 1 64 0 4099 10 0.025 0 4 1 3 3 0 3 3
38 2 0 999 70000 Bias
38 14 0 1.8 6 Voltage
38 3 0 600 800 Current-Limiting
