$ 1 0.000005 10.20027730826997 50 5 50 5e-11
t 688 272 736 272 0 1 -0.25648683097480507 0.5989890350512247 100 default
w 736 288 736 336 0
r 688 272 608 272 0 12650
r 736 96 736 256 0 772.5
162 512 96 736 96 2 default-led 1 0 0 0.01
w 512 336 512 320 0
w 512 336 736 336 0
w 512 96 400 96 0
w 512 336 400 336 0
w 400 336 400 288 0
w 400 96 400 240 0
v 400 288 400 240 0 0 40 3.3120000000000003 0 0 0.5
174 512 176 560 256 1 25000 0.5 Bias Potentiometer
w 608 224 608 272 0
r 512 272 512 320 0 2700
r 512 96 512 176 0 30080
w 560 224 608 224 0
o 1 64 0 4099 2.5 0.003125 0 4 1 3 3 0 3 3
38 2 0 1200 47000 Bias
38 11 0 1.8 6 Voltage
38 3 0 90 1000 Current-Limiting
38 14 0 1000 18000 Plug\sResistor
38 15 0 26000 38000 VDivAA
